138   
134  
-162
130    
169
132   
16
147    
114
147     
116
145   
174
-149    
152    
155   
159   
-129
167    
109
-106
169   
06
-117   
134
142
153
162
163    
355    
164    
168 
157
142
172    
142
187    
103
190    
100
188    
103
179    
-1
24
173    
139
167   
153
163    
-166
160    
176
159    
81
-159    
181
159    
80
159    
180
159    
180
159    
180
158    
178
174
150    
161
-145    
149
143    
140
142    
131
140    
119
139    
110
140    
104
139    
105
139    
104
135    
134
67
131    
180
131   
180
196
192
186
175
163
163
129
129
101
87
7
87
90
97
97
163
169
171
171
169
169
145
98
96
96
96
100
109
109
146
148    
90    
149
82     
156
77     
171
75     
182
253    
193
254    
194
194
253    
2
258    
201
257    
199
257    
195
257    
1
72     
162
7
74     
95
256    
1
77    
74
78    
73
255    
3
75    
7
9
72    
112
255  
 125
258   
7
0    
177
250    
131
247    
124
247   
22
250    
118
250    
118
252    
118
88    
207
95    
219
100    
2
102   
225
224
108   
57
116
143   
104  
165   
83
170       
87
99
161    
133
133
160    
0
171    
199
1
172    
171    
186
3
1
1
1
115
1
115
114
115
1
2
16
1